-1.967810094356536865e-01
-5.456778779625892639e-02
-2.746606990694999695e-02
-4.200558960437774658e-01
-2.472527027130126953e-01
4.189894348382949829e-02
-2.964800298213958740e-01
-2.357295006513595581e-01
-2.006901353597640991e-01
-1.965464204549789429e-01
-2.485260814428329468e-01
-5.497062206268310547e-02
-1.248140037059783936e-01
-1.129115596413612366e-01
4.198490455746650696e-02
-2.729450762271881104e-01
-2.134345620870590210e-01
-1.813873648643493652e-02
4.888551309704780579e-03
-4.177110269665718079e-02
-9.321899712085723877e-02
-1.772437542676925659e-01
-3.577018156647682190e-02
-9.938521683216094971e-02
-1.510179191827774048e-01
-1.485110968351364136e-01
-6.073971465229988098e-02
-5.067060887813568115e-02
-3.825290501117706299e-01
-2.453310638666152954e-01
-2.600648403167724609e-01
-1.258080005645751953e-01
